
#
# FGC63213 \ FT89045 \ BY181496
#
KRIAUCIAUNAS
13	24	15	11	15-16	11	13	13	13	11	30	17	8-10	11	11	25	15	20	31	12-14-15-15	10	10	21-21	15	12	17	18	35-35	12	10	11	8	15-15	7	12	10	8	11	9	12	22-22	16	10	12	12	12	7	10	31	21	13	14	10	13	11	11	12	9	32	14	8	14	11	27	27	19	12	11	11	13	10	9	12	11	10	11	13	31	11	12	22	15	11	10	22	15	18	11	25	14	11	15	24	11	23	18	10	15	19	9	13	11
DAUJOTAS Giedrius
13	24	15	11	15-16	11	13	13	13	11	31	17	8-10	11	11	25	15	20	31	12-14-15-15	10	10	21-21	15	12	17	18	35-35	11	10	11	8	15-15	7	12	10	8	11	9	12	22-22	16	10	12	12	12	7	11	31	21	13	14	10	13	11	11	12	9	32	14	8	14	11	27	27	19	12	11	11	13	10	9	12	11	10	11	13	31	11	12	22	15	11	10	22	15	18	11	25	14	11	15	24	11	24	18	10	15	19	9	14	11
DAUJOTAS Michael
13	24	15	11	15-16	11	13	13	13	11	32	17	8-10	11	11	25	15	20	31	12-14-15-15	10	10	21-21	15	12	17	18	35-35	11	10	11	8	15-15	7	12	10	8	11	9	12	22-22	16	10	12	12	12	7	10	32	21	13	14	10	13	11	11	12	9	32	14	8	14	11	27	27	19	12	11	11	13	10	9	12	11	10	11	13	31	11	12	22	15	11	10	22	15	18	11	25	14	11	15	24	11	23	18	10	15	19	9	13	11



FROLOV Sergey FGC63213 \ FTF28876
13	24	16	11	14-14	11	13	13	13	11	31	17	8-9	11	11	26	14	20	32	12-13-15-15	10	10	21-21	15	12	19	18	33-35	11	10	11	8	15-15	7	12	10	8	11	9	12	22-22	16	10	12	12	12	7	10	29	21	14	13	10	13	11	11	12	9	32	14	8	14	11	27	27	19	12	11	11	13	11	9	12	11	10	11	12	31	12	12	22	15	11	10	22	15	18	12	25	14	11	16	23	11	24	18	10	15	19	9	12	11
FROLOV Oleg FGC63213 \ FTF28876
13	24	16	11	14-14	11	13	13	13	11	31	17	8-9	11	11	26	14	20	32	12-13-15-15	10	10	21-21	15	12	19	18	33-35	11	10	11	8	15-15	7	12	10	8	11	9	12	22-22	16	10	12	12	12	7	10	29	21	14	13	10	13	11	11	12	9	32	14	8	14	11	27	27	19	12	11	11	13	11	9	12	11	10	11	12	31	12	12	22	15	11	10	22	15	18	12	25	14	11	16	23	11	24	18	10	15	19	9	12	11
HOLOPAINEN FGC63213 \ FTF28876 \ FTF29262
13	24	16	10	14-14	11	13	13	13	11	32	17	8-8	11	11	25	14	20	31	12-14-15-15	10	9	21-21	15	12	18	17	33-35	11	10	11	8	15-15	7	12	10	8	11	9	12	22-22	16	10	12	12	12	7	10	31	21	15	13	10	13	11	11	12	9	30	14	8	14	11	26	27	19	12	11	11	13	11	9	12	11	10	11	12	31	12	12	24	15	9	10	22	15	18	10	25	14	11	16	23	11	24	18	10	15	19	9	12	11



PALONKO FGC63213 \ FT89045 ?
13	24	16	11	14-16	11	13	11	13	11	30	18	8-10	11	11	24	15	20	32	12-14-14-15	10	10	21-21	14	12	18	18	34-35	11	10	11	8	15-15	7	11	10	8	11	9	12	22-22	16	10	12	12	13	7	10	30	21	13	14	10	13	11	11	12	9	33	14	8	14	11	27	27	19	11	11	11	13	11	9	12	11	10	11	12	31	11	12	22	15	11	10	22	15	18	11	25	14	11	15	24	11	23	18	10	15	20	9	12	11
KOSAREO FGC63213 \ FT89045
13	24	16	11	14-16	11	13	12	13	11	32	18	8-10	11	11	25	16	20	33	12-14-14-15	10	10	21-21	15	12	18	18	34-35	11	10	11	8	15-15	7	12	10	8	11	9	12	21-22	15	10	12	12	12	7	10	30	21	14	14	10	13	11	11	12	9	32	14	8	14	11	27	27	19	12	11	11	13	11	9	12	11	10	11	12	31	11	12	22	15	11	10	22	15	18	11	25	14	11	15	24	11	23	18	10	15	19	9	12	11

HERMAN FGC63213
13	24	16	11	14-16	11	13	13	13	11	31	17	8-10	11	11	25	15	19	32	12-14-14-15	10	10	21-21	15	12	18	18	34-35	11	10	11	8	15-15	7	12	10	8	11	9	12	22-22	16	10	12	12	12	7	10	29	21	14	14	10	14	11	11	12	9
SADOWY FGC63213
14	24	16	11	14-16	11	13	13	13	11	31	17	8-10	11	11	25	15	19	32	12-14-15-15	10	10	21-21	15	12	18	19	34-34	11	10

LUNDIAK Andrii FGC63213 \ FT89045
13	25	16	11	14-16	11	13	13	13	11	31	17	8-10	11	11	25	15	19	32	12-14-15-15	10	10	21-21	15	11	18	18	34-35	11	10	11	8	15-15	7	12	10	8	11	9	12	22-22	16	10	12	12	12	7	10	28	21	14	14	10	14	11	11	12	9	31	14	8	14	11	27	27	19	12	11	11	12	11	9	12	11	10	11	12	31	11	12	22	15	11	10	21	15	18	11	24	14	11	15	24	11	23	18	10	15	20	9	12	11


DŁUGOSZ E/Andrzej FGC63213
13	24	17	11	14-16	11	13	13	13	11	31	18	8-10	11	11	25	15	20	32	12-14-15-15	10	10	21-21	15	12	17	18	34-35	11	10	11	8	15-15	7	11	10	8	12	9	12	22-22	16	10	12	12	12	7	10	30	21	13	14	10	13	11	11	12	9	31	14	8	14	11	27	27	19	12	11	11	13	11	9	12	11	10	11	12	31	11	12	22	14	11	10	23	15	18	11	26	14	11	15	25	11	23	18	10	15	19	9	12	11

PAPUGA FGC63213
TBD

DŁUGOSZ Sławomir FGC63213
TBD

DŁUGOSZ Ron I2a-L621
TBD

PISKUN FGC63213 (but should totally new sub-branch)
_13	24	16	12	14-16	11	13	13	13	11	30	18	8-9	11	11	25	14	20	32	12-14-15-15	10	10	21-21	15	12	19	18	34-35	11	10




KOSHMAN
13	24	16	11	14-14	11	13	14	13	11	31	17	8-10	11	11	26	15	20	31	12-15-15-15	10	10	21-21	15	12	17	18	34-36	11	10	11	8	15-15	7	12	10	8	11	9	12	22-22	17	10	12	12	12	7	10	29	21	13	14	10	13	11	11	12	9	32	14	8	14	11	25	27	19	12	11	11	13	11	9	12	11	10	11	12	31	11	12	22	14	11	10	22	15	18	11	24	14	11	16	23	11	22	18	10	15	20	9	12	11
KOKOV
13	24	16	11	14-15	11	13	12	13	11	33	17	8-10	11	11	26	15	20	31	12-14-15-15	10	10	19-21	15	12	18	18	33-35	11	10	11	8	15-15	7	12	10	8	12	9	12	22-22	16	11	12	12	12	7	10	29	21	13	14	10	13	11	11	12	9	31	14	8	14	11	27	27	19	12	11	11	13	12	9	12	11	10	11	12	31	11	12	23	15	11	10	22	15	18	11	25	14	11	16	23	11	21	18	10	14	17	9	12	11
HULEWICZ
13	24	16	11	14-15	11	13	12	13	11	33	18	8-10	11	11	25	15	20	32	12-13-15-16	10	10	21-21	15	12	19	17	34-35	11	10	11	8	15-15	7	12	10	8	11	9	12	22-22	16	10	12	12	12	7	10	31	21	13	14	10	13	11	11	12	9	31	14	8	14	11	25	27	19	12	11	11	13	11	9	12	11	10	11	12	31	11	12	22	15	11	10	22	15	17	11	24	13	11	16	22	11	23	18	10	15	18	9	12	11
CHEREPANOV
13	24	16	11	14-15	11	13	14	13	11	31	17	8-10	11	11	25	16	20	32	12-14-15-15	10	10	21-21	15	12	17	19	34-38	11	10	11	8	15-15	7	12	10	8	11	9	12	22-22	16	10	12	12	12	7	10	29	22	13	14	10	13	11	11	12	9	31	14	8	14	11	27	27	19	12	11	11	13	11	9	13	11	10	11	12	31	11	12	22	14	11	10	22	15	18	11	25	14	11	16	23	11	23	18	10	16	20	9	12	11



WIELEBA I-P37
13	24	16	11	14-15	11	13	12	13	11	32	17	8-10-10	11	11	25	15	20	33	12-14-15-15-15-15	10	10	21-21	15	12	18	19	33-34-34	11	10	11	8	15-15	7	12	10	8	11	9	12	22-22	15	10	12	12	12	7	10	30	21	13	14	10	13	11	11	12	9	31	15	8	14	11	27	27	19	13	11	11	13	11	9	12	11	10	11	12	31	11	12	22	15	11	10	22	15	18	12	24	14	11	16	23	11	22	18	10	15	20	9	13	11
